# .env
DB_NAME=logs
DB_USER=postgres
DB_PASSWORD=argus123
DB_HOST=34.47.148.81
DB_PORT=8080

# camera 1
# CAM_RTSP=rtsp://intern:Intern1234@192.168.104.112:554/live1s3.sdp
CAM_RTSP=/home/annone/ai-camera/ML_Backend/data/wrongway.mp4
CAM_NAME=Cadi Chaupad Gate 2
CAM_LOCATION=BADI CHAUPAD, POLE 1
CAM_ID=CAM3
CAM_IP=192.168.104.112
PARENT_DIR="C:/project/ai-camera/ML_Backend"
PROCESSED_RTSP_URL=rtsp://localhost:8554/stream1
RESIZED_RESOLUTION_WIDTH=640
RESIZED_RESOLUTION_HEIGHT=480

# 190
# ILLEGAL_PARKING_ZONE_COORDS=[[[283, 50], [234, 58], [260, 356], [638, 345]],[[224, 70], [170, 66],[0,200],[4,350],[192, 359]]]
# WW_LINE_PAIR=[[[(249,185),(640,178)],[(254,200),(640,192)]],[[(0,170),(218,167)],[(0,150),(218,140)]]]
# RED_LINE_PAIR=[{"red":[(249,185)],"green":[[(249,185)],[(249,185)],[(249,185)]]},{"red":[(249,185)],"green":[[(249,185)],[(249,185)],[(249,185)]]}]

# 84
# ILLEGAL_PARKING_ZONE_COORDS=[[[283, 50], [234, 58], [260, 356], [638, 345]],[[224, 70], [170, 66],[0,200],[4,350],[192, 359]]]
# WW_LINE_PAIR=[[[(630,970),(1800,1434)],[(1886,1212),(816,850)]],[[(0,170),(218,167)],[(0,150),(218,140)]]]
# RED_LINE_PAIR=[{"red":[(249,185)],"green":[[(249,185)],[(249,185)],[(249,185)]]},{"red":[(249,185)],"green":[[(249,185)],[(249,185)],[(249,185)]]}]

# 112
ILLEGAL_PARKING_ZONE_COORDS=[[[417, 476.25], [383, 144.25], [380, 96.25], [408, 90.25], [446, 90.25], [484, 103.25], [515, 118.25], [562, 166.25], [595, 196.25], [640, 233.25], [638, 479.25]], [[1, 478.25], [302, 479.25], [309, 366.25], [294, 99.25], [244, 126.25], [162, 159.25], [91, 231.25], [0, 293.25]]]
WRONG_WAY_LINE_PAIR=[[[(401, 273), (640, 269)], [(393, 235), (638, 230)]], [[(108, 228), (304, 225)], [(61, 263), (321, 263)]]]
RED_LIGHT_LINE_PAIR=[[[(399, 245), (631, 192)], [(403, 292), (638, 224)]], [[(48, 282), (311, 313)], [(67, 245), (310, 272)]]]

API_KEY=e6710b052ffc086f2e80f7e0083b6ec18f2541e3
